Great product wery wery NAIC product
Perfect product! quality is very good
"Good nothing special, just ok product"
Classy product good
Just wow! ameging
Could be way better not bat
Mind-blowing purchase Small in size & easy to use. .......
Fair amazing great product
Delightful good
